10 10
0 45407767 68441837 27678949 65214087 23680827 8027963 19301813 52154723 57455441
87594471 0 83196589 46684089 22444159 9325484 27526667 38569377 6746956 17592799
113217737 69841607 0 20111371 55951383 14418123 32461803 43662016 45126329 49887863
99778164 54845438 40762888 0 56279606 14746346 61362114 43990239 45454552 29776492
76161329 42462312 65496382 24733494 0 32401418 5082508 28022404 49209268 54509986
111555721 63791580 88249619 61499150 41533260 0 46615768 29243893 30708206 41554049
119429150 37379804 60413874 19650986 59823963 27318910 0 22939896 44126760 49427478
115934735 68170594 92628633 65878164 45912274 4379014 50994782 0 35087220 45933063
80847515 58159515 76449633 39937133 15697203 48098621 20779711 43719607 0 10845843
70001672 115409439 65603790 85715161 89173284 80021913 78029635 84936766 110730119 0
5 781525340
7 132784325
2 894071126
6 84364535
4 663870196
10 66320630
8 925769242
9 252835419
1 941699064
3 285339949
4817595466 4751274837 3680236525 2670769572 694068153 266606504 16538195 7160516
