20 20
0 32206403 19562293 30823605 30706413 42339283 14148248 27163398 24758970 26885886 14560794 18281252 17159245 19778157 21120322 23800434 18581929 25414354 22969577 18866732
29315606 0 3877668 29170433 5146754 25062505 28481117 16757479 18870871 19347394 31656337 25493732 17523511 14859288 27783057 16261942 11096883 19877912 25966086 26079212
43834000 14518394 0 36590459 19665148 39580899 42999511 31275873 22312956 33865788 35098422 40012126 32041905 10981620 27645962 30780336 25615277 34396306 22796388 23400981
36707457 20850420 6332026 0 25997174 15088748 38576783 18837292 16353117 32441275 29138583 16377513 19603324 17313646 12794216 30408528 8579129 21957725 20026462 8549235
24168852 25248016 10729622 28046678 0 43135426 23334363 31770495 19753599 14200640 31666541 27467367 32536527 21711242 30306437 11115188 11979611 34061697 20819332 28052847
21618709 22328354 7809960 25554826 27475108 0 30524319 28179541 20978682 17352527 33764148 25417502 28945573 18791580 26794066 15319780 16184203 31299974 4937714 26002982
35031359 18058155 12133553 23324968 23204909 28191035 0 13015150 12207669 12737638 24993135 4133004 13781182 16400094 6972074 9652186 4433681 11266106 15524301 4718484
39634608 17687474 3169080 27367716 22834228 32794284 28120447 0 16810918 24994683 29596384 8736253 766032 3384944 11025578 22961936 9036930 3120433 12579870 9321733
33172333 26202760 15185976 14277503 31349514 29366251 24125241 12016896 0 29297509 12785466 18704991 12782928 5242466 15116679 33101059 19005668 15137329 23668906 17661827
44299786 24009332 9490938 13846038 22610902 28934786 13171792 26186942 16662981 0 29448447 17304796 26952974 20472558 20143866 8024570 8888993 19861057 6618692 17890276
36817880 19519893 5001499 24592353 24666647 29977556 11339775 14801671 10314850 17661977 0 5919525 2598451 5217363 8758595 20315593 6220202 13052627 17310822 6505005
30898355 13925151 8000549 19191964 19071905 24058031 22199270 8882146 8074665 23806110 20860131 0 9648178 12267090 2839070 21773363 300677 7133102 11391297 585480
45351148 16921442 2403048 26601684 22068196 38510824 27354415 25326330 24716004 36268836 37501470 31487419 0 2618912 19283254 33183384 18674000 20209267 25199436 15038273
42732236 27750423 23754960 27001956 32897177 35891912 47954317 22707418 23829076 35508742 36614542 31443671 23473450 0 16664342 35598635 16055088 25827851 25216569 12419361
40401687 11086081 9212156 33410792 16232835 36148586 34138832 6043076 22853994 20967040 35639460 14779329 6809108 9428020 0 18934293 15080006 9163509 8552227 15364809
36275216 23082689 8564295 16931490 25696354 32020238 16257244 20655307 8638411 3085452 21423877 20390248 21421339 13880877 23229318 0 864423 22946509 9704144 20975728
35410793 22218266 7699872 22051491 27365020 37140239 31899229 19790884 7773988 37071497 20559454 26478979 20556916 13016454 22890667 38480208 0 22911317 30496260 25435815
53684209 32145057 17626663 34789379 37291811 49878127 36921391 32528772 20511876 27635520 33297342 39216867 33294804 25754342 35628555 25602773 26467196 0 15220707 38173703
46657282 17390640 2872246 26260851 22537394 41349599 25586605 27899428 16040968 12414813 28826434 29719609 28665460 13853866 21856352 10382066 11246489 31019861 0 26273227
30312875 15331062 13457137 34265762 20477816 23472551 36871353 10288057 27098975 25212021 25531578 19024310 11054089 13673001 4244981 23179274 19324987 13408490 12797208 0
18 429833099
12 676194196
11 199158530
1 310249556
9 212535539
6 761645997
2 24749195
19 987713115
5 529132358
16 77356540
14 931180974
15 234369067
8 876243997
20 668522480
7 106165008
17 648199956
10 416204958
3 400277402
13 473323111
4 701423089
8503483380 7377415820 4394971745 369588035 93342721 59849687 50447855 39200077
