10 10
0 54484116 179973584 19448571 36901507 38297950 87727353 125459075 32495162 25138009
83763407 0 190778624 192935175 52312998 35875764 93995672 164269446 167119345 25032851
81740067 39011436 0 71265296 112034152 175092680 99910488 46648979 171580104 151297254
83016059 26411643 73380329 0 64461800 133197256 94757845 157160226 22785165 198675912
38694294 65108902 174366266 85870234 0 97613055 78266192 49698217 70794051 124587925
174547894 143106054 199162551 122282295 154849693 0 67657762 44239112 53333608 25642358
13567541 37002537 139454174 133207783 140779077 26010474 0 30523187 149496957 112915025
161384234 79796916 89086813 82843549 195928780 56331956 90442880 0 81357591 140181766
164262340 69229949 141700264 94279689 85697682 38536402 16429536 66085282 0 6895716
199553659 98637825 128292335 97830235 98634290 28796189 24341611 99370073 105861742 0
3 88447715
8 580300275
10 842028636
9 378197449
4 570266652
7 990297029
1 882381705
6 83549703
5 55981554
2 232002959
3467147071 2205393230 307970400 273994449 75473512 44210967 32225307 28504483
