10 5
0 7588 2366 15987 5197 14895 18730 5188 13318 15873
8395 0 2529 17379 19499 7391 3941 8133 10367 10744
16378 17205 0 11867 2077 12005 17288 229 18001 10573
11603 12653 19030 0 17128 19378 1180 7150 17948 6195
4526 8042 13551 5975 0 3614 1145 1626 7061 19664
19130 9178 17274 11875 3076 0 17924 6329 11828 14117
4443 5606 1005 6047 1537 17665 0 9123 4657 7615
4275 19335 2533 6786 6589 13203 17598 0 17707 13039
2178 17689 13592 17304 18125 8182 18735 4387 0 197
17690 5646 19747 5479 18050 512 18640 16199 14200 0
2 3233
5 20898
3 64477
7 20277
8 19679
70019 70019 70019 0 0 0 0 0
